//
// Created by nick on 18/11/17.
//

#ifndef LWGA_TUNING_INSTANCES_H
#define LWGA_TUNING_INSTANCES_H

#include <ga_types.h>
double_t canonical5_objective = 26;
Matrix<double_t> canonical5_costmat = {
    {0.0, 2.2360679775, 1.41421356237, 1.0, 1.41421356237, 2.2360679775,
     2.82842712475, 2.2360679775, 2.0, 2.2360679775, 2.82842712475,
     3.60555127546, 3.16227766017, 3.0, 3.16227766017, 3.60555127546,
     4.472135955, 4.12310562562, 4.0, 4.12310562562, 4.472135955, 5.38516480713,
     5.09901951359, 5.0, 5.09901951359, 5.38516480713, 6.0},
    {2.2360679775, 0.0, 1.0, 2.0, 3.0, 4.0, 1.0, 1.41421356237, 2.2360679775,
     3.16227766017, 4.12310562562, 2.0, 2.2360679775, 2.82842712475,
     3.60555127546, 4.472135955, 3.0, 3.16227766017, 3.60555127546,
     4.24264068712, 5.0, 4.0, 4.12310562562, 4.472135955, 5.0, 5.65685424949,
     5.38516480713},
    {1.41421356237, 1.0, 0.0, 1.0, 2.0, 3.0, 1.41421356237, 1.0, 1.41421356237,
     2.2360679775, 3.16227766017, 2.2360679775, 2.0, 2.2360679775,
     2.82842712475, 3.60555127546, 3.16227766017, 3.0, 3.16227766017,
     3.60555127546, 4.24264068712, 4.12310562562, 4.0, 4.12310562562,
     4.472135955, 5.0, 5.09901951359},
    {1.0, 2.0, 1.0, 0.0, 1.0, 2.0, 2.2360679775, 1.41421356237, 1.0,
     1.41421356237, 2.2360679775, 2.82842712475, 2.2360679775, 2.0,
     2.2360679775, 2.82842712475, 3.60555127546, 3.16227766017, 3.0,
     3.16227766017, 3.60555127546, 4.472135955, 4.12310562562, 4.0,
     4.12310562562, 4.472135955, 5.0},
    {1.41421356237, 3.0, 2.0, 1.0, 0.0, 1.0, 3.16227766017, 2.2360679775,
     1.41421356237, 1.0, 1.41421356237, 3.60555127546, 2.82842712475,
     2.2360679775, 2.0, 2.2360679775, 4.24264068712, 3.60555127546,
     3.16227766017, 3.0, 3.16227766017, 5.0, 4.472135955, 4.12310562562, 4.0,
     4.12310562562, 5.09901951359},
    {2.2360679775, 4.0, 3.0, 2.0, 1.0, 0.0, 4.12310562562, 3.16227766017,
     2.2360679775, 1.41421356237, 1.0, 4.472135955, 3.60555127546,
     2.82842712475, 2.2360679775, 2.0, 5.0, 4.24264068712, 3.60555127546,
     3.16227766017, 3.0, 5.65685424949, 5.0, 4.472135955, 4.12310562562, 4.0,
     5.38516480713},
    {2.82842712475, 1.0, 1.41421356237, 2.2360679775, 3.16227766017,
     4.12310562562, 0.0, 1.0, 2.0, 3.0, 4.0, 1.0, 1.41421356237, 2.2360679775,
     3.16227766017, 4.12310562562, 2.0, 2.2360679775, 2.82842712475,
     3.60555127546, 4.472135955, 3.0, 3.16227766017, 3.60555127546,
     4.24264068712, 5.0, 4.472135955},
    {2.2360679775, 1.41421356237, 1.0, 1.41421356237, 2.2360679775,
     3.16227766017, 1.0, 0.0, 1.0, 2.0, 3.0, 1.41421356237, 1.0, 1.41421356237,
     2.2360679775, 3.16227766017, 2.2360679775, 2.0, 2.2360679775,
     2.82842712475, 3.60555127546, 3.16227766017, 3.0, 3.16227766017,
     3.60555127546, 4.24264068712, 4.12310562562},
    {2.0, 2.2360679775, 1.41421356237, 1.0, 1.41421356237, 2.2360679775, 2.0,
     1.0, 0.0, 1.0, 2.0, 2.2360679775, 1.41421356237, 1.0, 1.41421356237,
     2.2360679775, 2.82842712475, 2.2360679775, 2.0, 2.2360679775,
     2.82842712475, 3.60555127546, 3.16227766017, 3.0, 3.16227766017,
     3.60555127546, 4.0},
    {2.2360679775, 3.16227766017, 2.2360679775, 1.41421356237, 1.0,
     1.41421356237, 3.0, 2.0, 1.0, 0.0, 1.0, 3.16227766017, 2.2360679775,
     1.41421356237, 1.0, 1.41421356237, 3.60555127546, 2.82842712475,
     2.2360679775, 2.0, 2.2360679775, 4.24264068712, 3.60555127546,
     3.16227766017, 3.0, 3.16227766017, 4.12310562562},
    {2.82842712475, 4.12310562562, 3.16227766017, 2.2360679775, 1.41421356237,
     1.0, 4.0, 3.0, 2.0, 1.0, 0.0, 4.12310562562, 3.16227766017, 2.2360679775,
     1.41421356237, 1.0, 4.472135955, 3.60555127546, 2.82842712475,
     2.2360679775, 2.0, 5.0, 4.24264068712, 3.60555127546, 3.16227766017, 3.0,
     4.472135955},
    {3.60555127546, 2.0, 2.2360679775, 2.82842712475, 3.60555127546,
     4.472135955, 1.0, 1.41421356237, 2.2360679775, 3.16227766017,
     4.12310562562, 0.0, 1.0, 2.0, 3.0, 4.0, 1.0, 1.41421356237, 2.2360679775,
     3.16227766017, 4.12310562562, 2.0, 2.2360679775, 2.82842712475,
     3.60555127546, 4.472135955, 3.60555127546},
    {3.16227766017, 2.2360679775, 2.0, 2.2360679775, 2.82842712475,
     3.60555127546, 1.41421356237, 1.0, 1.41421356237, 2.2360679775,
     3.16227766017, 1.0, 0.0, 1.0, 2.0, 3.0, 1.41421356237, 1.0, 1.41421356237,
     2.2360679775, 3.16227766017, 2.2360679775, 2.0, 2.2360679775,
     2.82842712475, 3.60555127546, 3.16227766017},
    {3.0, 2.82842712475, 2.2360679775, 2.0, 2.2360679775, 2.82842712475,
     2.2360679775, 1.41421356237, 1.0, 1.41421356237, 2.2360679775, 2.0, 1.0,
     0.0, 1.0, 2.0, 2.2360679775, 1.41421356237, 1.0, 1.41421356237,
     2.2360679775, 2.82842712475, 2.2360679775, 2.0, 2.2360679775,
     2.82842712475, 3.0},
    {3.16227766017, 3.60555127546, 2.82842712475, 2.2360679775, 2.0,
     2.2360679775, 3.16227766017, 2.2360679775, 1.41421356237, 1.0,
     1.41421356237, 3.0, 2.0, 1.0, 0.0, 1.0, 3.16227766017, 2.2360679775,
     1.41421356237, 1.0, 1.41421356237, 3.60555127546, 2.82842712475,
     2.2360679775, 2.0, 2.2360679775, 3.16227766017},
    {3.60555127546, 4.472135955, 3.60555127546, 2.82842712475, 2.2360679775,
     2.0, 4.12310562562, 3.16227766017, 2.2360679775, 1.41421356237, 1.0, 4.0,
     3.0, 2.0, 1.0, 0.0, 4.12310562562, 3.16227766017, 2.2360679775,
     1.41421356237, 1.0, 4.472135955, 3.60555127546, 2.82842712475,
     2.2360679775, 2.0, 3.60555127546},
    {4.472135955, 3.0, 3.16227766017, 3.60555127546, 4.24264068712, 5.0, 2.0,
     2.2360679775, 2.82842712475, 3.60555127546, 4.472135955, 1.0,
     1.41421356237, 2.2360679775, 3.16227766017, 4.12310562562, 0.0, 1.0, 2.0,
     3.0, 4.0, 1.0, 1.41421356237, 2.2360679775, 3.16227766017, 4.12310562562,
     2.82842712475},
    {4.12310562562, 3.16227766017, 3.0, 3.16227766017, 3.60555127546,
     4.24264068712, 2.2360679775, 2.0, 2.2360679775, 2.82842712475,
     3.60555127546, 1.41421356237, 1.0, 1.41421356237, 2.2360679775,
     3.16227766017, 1.0, 0.0, 1.0, 2.0, 3.0, 1.41421356237, 1.0, 1.41421356237,
     2.2360679775, 3.16227766017, 2.2360679775},
    {4.0, 3.60555127546, 3.16227766017, 3.0, 3.16227766017, 3.60555127546,
     2.82842712475, 2.2360679775, 2.0, 2.2360679775, 2.82842712475,
     2.2360679775, 1.41421356237, 1.0, 1.41421356237, 2.2360679775, 2.0, 1.0,
     0.0, 1.0, 2.0, 2.2360679775, 1.41421356237, 1.0, 1.41421356237,
     2.2360679775, 2.0},
    {4.12310562562, 4.24264068712, 3.60555127546, 3.16227766017, 3.0,
     3.16227766017, 3.60555127546, 2.82842712475, 2.2360679775, 2.0,
     2.2360679775, 3.16227766017, 2.2360679775, 1.41421356237, 1.0,
     1.41421356237, 3.0, 2.0, 1.0, 0.0, 1.0, 3.16227766017, 2.2360679775,
     1.41421356237, 1.0, 1.41421356237, 2.2360679775},
    {4.472135955, 5.0, 4.24264068712, 3.60555127546, 3.16227766017, 3.0,
     4.472135955, 3.60555127546, 2.82842712475, 2.2360679775, 2.0,
     4.12310562562, 3.16227766017, 2.2360679775, 1.41421356237, 1.0, 4.0, 3.0,
     2.0, 1.0, 0.0, 4.12310562562, 3.16227766017, 2.2360679775, 1.41421356237,
     1.0, 2.82842712475},
    {5.38516480713, 4.0, 4.12310562562, 4.472135955, 5.0, 5.65685424949, 3.0,
     3.16227766017, 3.60555127546, 4.24264068712, 5.0, 2.0, 2.2360679775,
     2.82842712475, 3.60555127546, 4.472135955, 1.0, 1.41421356237,
     2.2360679775, 3.16227766017, 4.12310562562, 0.0, 1.0, 2.0, 3.0, 4.0,
     2.2360679775},
    {5.09901951359, 4.12310562562, 4.0, 4.12310562562, 4.472135955, 5.0,
     3.16227766017, 3.0, 3.16227766017, 3.60555127546, 4.24264068712,
     2.2360679775, 2.0, 2.2360679775, 2.82842712475, 3.60555127546,
     1.41421356237, 1.0, 1.41421356237, 2.2360679775, 3.16227766017, 1.0, 0.0,
     1.0, 2.0, 3.0, 1.41421356237},
    {5.0, 4.472135955, 4.12310562562, 4.0, 4.12310562562, 4.472135955,
     3.60555127546, 3.16227766017, 3.0, 3.16227766017, 3.60555127546,
     2.82842712475, 2.2360679775, 2.0, 2.2360679775, 2.82842712475,
     2.2360679775, 1.41421356237, 1.0, 1.41421356237, 2.2360679775, 2.0, 1.0,
     0.0, 1.0, 2.0, 1.0},
    {5.09901951359, 5.0, 4.472135955, 4.12310562562, 4.0, 4.12310562562,
     4.24264068712, 3.60555127546, 3.16227766017, 3.0, 3.16227766017,
     3.60555127546, 2.82842712475, 2.2360679775, 2.0, 2.2360679775,
     3.16227766017, 2.2360679775, 1.41421356237, 1.0, 1.41421356237, 3.0, 2.0,
     1.0, 0.0, 1.0, 1.41421356237},
    {5.38516480713, 5.65685424949, 5.0, 4.472135955, 4.12310562562, 4.0, 5.0,
     4.24264068712, 3.60555127546, 3.16227766017, 3.0, 4.472135955,
     3.60555127546, 2.82842712475, 2.2360679775, 2.0, 4.12310562562,
     3.16227766017, 2.2360679775, 1.41421356237, 1.0, 4.0, 3.0, 2.0, 1.0, 0.0,
     2.2360679775},
    {6.0, 5.38516480713, 5.09901951359, 5.0, 5.09901951359, 5.38516480713,
     4.472135955, 4.12310562562, 4.0, 4.12310562562, 4.472135955, 3.60555127546,
     3.16227766017, 3.0, 3.16227766017, 3.60555127546, 2.82842712475,
     2.2360679775, 2.0, 2.2360679775, 2.82842712475, 2.2360679775,
     1.41421356237, 1.0, 1.41421356237, 2.2360679775, 0.0},
};
double_t random5_objective = 24.632;
Matrix<double_t> random5_cost_mat = {
    {0.0, 2.19902436093, 1.61044404541, 1.19762009631, 1.49390257103,
     2.37292026256, 2.83477525375, 2.33700179579, 1.86048569694, 1.959319721,
     2.69456836264, 3.42960624576, 3.13986058735, 2.9486101061, 3.06869347334,
     3.81794380997, 4.56722633946, 3.98700327994, 4.20699267593, 4.0618188094,
     4.53642248345, 5.30251267375, 5.30849844036, 5.03392556758, 5.19576936404,
     5.32190509452, 6.0},
    {2.19902436093, 0.0, 0.765977122369, 1.80915630201, 2.80946477292,
     4.01044380453, 0.998420325051, 1.17745720375, 2.13211922897, 2.76790554881,
     3.94393369274, 1.64298541538, 2.21210830857, 2.66782393658, 3.34899346995,
     4.56994449322, 3.0000281965, 2.84638002185, 3.66046266122, 4.0520573221,
     4.76166525338, 3.85391506457, 4.11629598923, 4.23878088218, 5.01470018354,
     5.47344539176, 5.22408189467},
    {1.61044404541, 0.765977122369, 0.0, 1.04318096741, 2.0436643606,
     3.2457434519, 1.22868050426, 0.884207714886, 1.42321797703, 2.02409916594,
     3.18700344297, 1.84772503123, 1.91783062086, 2.14916655699, 2.71562668728,
     3.87916635221, 3.0868638859, 2.69319798566, 3.28415759063, 3.51655877493,
     4.1827394982, 3.88885892682, 4.02489665446, 3.97529588647, 4.5527164037,
     4.92614539455, 4.97264869218},
    {1.19762009631, 1.80915630201, 1.04318096741, 0.0, 1.00132017326,
     2.20601316072, 2.02222808258, 1.35664158031, 0.69024434499, 1.06145294566,
     2.16565781827, 2.50298784791, 1.97460314353, 1.75877891737, 2.00515991116,
     2.99596343421, 3.48109713356, 2.82293915178, 3.01597433245, 2.95258595549,
     3.50901684385, 4.16606903969, 4.12914062139, 3.83665750358, 4.07091903109,
     4.28732815469, 4.80566272693},
    {1.49390257103, 2.80946477292, 2.0436643606, 1.00132017326, 0.0,
     1.20627000112, 2.95322696735, 2.23646024976, 1.05466927805, 0.624357519603,
     1.24812711829, 3.35121907369, 2.52404390194, 1.96897041781, 1.74503772703,
     2.32583291006, 4.12174115962, 3.3178536425, 3.14107970945, 2.7522026246,
     3.11864327525, 4.68854604254, 4.51339761732, 4.02083069048, 3.88216222629,
     3.89883492766, 4.91170549716},
    {2.37292026256, 4.01044380453, 3.2457434519, 2.20601316072, 1.20627000112,
     0.0, 4.13634650792, 3.40724764004, 2.15810697845, 1.50858203415,
     0.757884080978, 4.48725730736, 3.51209986003, 2.79262523395, 2.20276640088,
     2.03481453223, 5.10185929453, 4.21903171857, 3.74201204013, 3.0601375494,
     3.13522238037, 5.55750621894, 5.26732798811, 4.61148813276, 4.07877439313,
     3.83737128287, 5.37601887852},
    {2.83477525375, 0.998420325051, 1.22868050426, 2.02222808258, 2.95322696735,
     4.13634650792, 0.0, 0.738111924338, 2.0088848666, 2.69628009367,
     3.88472686125, 0.65695832931, 1.42836217149, 2.1047162871, 2.92568920423,
     4.22502546881, 2.00256030084, 1.90985480725, 2.86337158886, 3.42850547244,
     4.18185691775, 2.85551320881, 3.1355767488, 3.33657292741, 4.27114978553,
     4.82948246612, 4.30247565565},
    {2.33700179579, 1.17745720375, 0.884207714886, 1.35664158031, 2.23646024976,
     3.40724764004, 0.738111924338, 0.0, 1.27092337462, 1.95819427506,
     3.14722913161, 1.14640703989, 1.06660072458, 1.5091529883, 2.26176751542,
     3.54052346979, 2.24123130445, 1.81065579247, 2.49426724288, 2.88706776843,
     3.61221225454, 3.0187983476, 3.14077521554, 3.12591853993, 3.83734559531,
     4.30763827415, 4.12156687143},
    {1.86048569694, 2.13211922897, 1.42321797703, 0.69024434499, 1.05466927805,
     2.15810697845, 2.0088848666, 1.27092337462, 0.0, 0.687706586359,
     1.88162585254, 2.32944672165, 1.48460824367, 1.09235710728, 1.34637119382,
     2.45601140698, 3.07362456068, 2.30494731115, 2.34919368354, 2.2670960013,
     2.84920042133, 3.67431034013, 3.56015586233, 3.19054597991, 3.38146570945,
     3.62064999297, 4.14482138489},
    {1.959319721, 2.76790554881, 2.02409916594, 1.06145294566, 0.624357519603,
     1.50858203415, 2.69628009367, 1.95819427506, 0.687706586359, 0.0,
     1.19690287862, 2.99322916726, 2.01573639968, 1.37406573771, 1.14113525604,
     1.94157618981, 3.61474110693, 2.76568939796, 2.51871335437, 2.15080846477,
     2.57779043038, 4.12884695999, 3.91807270027, 3.39979992582, 3.28632075591,
     3.36316099133, 4.28736087611},
    {2.69456836264, 3.94393369274, 3.18700344297, 2.16565781827, 1.24812711829,
     0.757884080978, 3.88472686125, 3.14722913161, 1.88162585254, 1.19690287862,
     0.0, 4.13811029642, 3.03685534907, 2.24443514065, 1.53338389561,
     1.30649202726, 4.58248262893, 3.66288936735, 3.06078051133, 2.32110615961,
     2.37875926426, 4.9612467706, 4.61955262499, 3.91418243866, 3.32210345334,
     3.09077327402, 4.64341601876},
    {3.42960624576, 1.64298541538, 1.84772503123, 2.50298784791, 3.35121907369,
     4.48725730736, 0.65695832931, 1.14640703989, 2.32944672165, 2.99322916726,
     4.13811029642, 0.0, 1.28113606083, 2.10018381089, 2.97429293231,
     4.2799974026, 1.36434778771, 1.46194808235, 2.56567332853, 3.28485586589,
     4.0529756528, 2.22647966712, 2.56595714641, 2.89243185096, 3.98883078825,
     4.62996140615, 3.81763342781},
    {3.13986058735, 2.21210830857, 1.91783062086, 1.97460314353, 2.52404390194,
     3.51209986003, 1.42836217149, 1.06660072458, 1.48460824367, 2.01573639968,
     3.03685534907, 1.28113606083, 0.0, 0.846578926174, 1.72361536831,
     3.01699252685, 1.60142558215, 0.848817932186, 1.45441486914, 2.0250960763,
     2.78957830269, 2.20029371091, 2.17206097281, 2.06144989327, 2.84620783909,
     3.40831474411, 3.05825000467},
    {2.9486101061, 2.66782393658, 2.14916655699, 1.75877891737, 1.96897041781,
     2.79262523395, 2.1047162871, 1.5091529883, 1.09235710728, 1.37406573771,
     2.24443514065, 2.10018381089, 0.846578926174, 0.0, 0.878427238828,
     2.1800415384, 2.33805454172, 1.42813284814, 1.25838629494, 1.38472794285,
     2.10327655253, 2.76964717288, 2.54586063544, 2.10115224902, 2.40642459105,
     2.80584382894, 3.05276070829},
    {3.06869347334, 3.34899346995, 2.71562668728, 2.00515991116, 1.74503772703,
     2.20276640088, 2.92568920423, 2.26176751542, 1.34637119382, 1.14113525604,
     1.53338389561, 2.97429293231, 1.72361536831, 0.878427238828, 0.0,
     1.3085780868, 3.13801388352, 2.19273621037, 1.53937686174, 1.00979852572,
     1.504896347, 3.4431089681, 3.08622033838, 2.41074548869, 2.14530680256,
     2.28224146307, 3.22039574521},
    {3.81794380997, 4.56994449322, 3.87916635221, 2.99596343421, 2.32583291006,
     2.03481453223, 4.22502546881, 3.54052346979, 2.45601140698, 1.94157618981,
     1.30649202726, 4.2799974026, 3.01699252685, 2.1800415384, 1.3085780868,
     0.0, 4.3196652206, 3.37009947565, 2.41620807189, 1.45577743143,
     1.18071528319, 4.47374882939, 3.98931209176, 3.13577748234, 2.19026340032,
     1.81256993139, 3.67014715864},
    {4.56722633946, 3.0000281965, 3.0868638859, 3.48109713356, 4.12174115962,
     5.10185929453, 2.00256030084, 2.24123130445, 3.07362456068, 3.61474110693,
     4.58248262893, 1.36434778771, 1.60142558215, 2.33805454172, 3.13801388352,
     4.3196652206, 0.0, 0.951543682444, 2.0508898723, 3.00645298311,
     3.72602046092, 0.865147216457, 1.31844371672, 1.94810019577, 3.32869166536,
     4.10865335113, 2.70620140714},
    {3.98700327994, 2.84638002185, 2.69319798566, 2.82293915178, 3.3178536425,
     4.21903171857, 1.90985480725, 1.81065579247, 2.30494731115, 2.76568939796,
     3.66288936735, 1.46194808235, 0.848817932186, 1.42813284814, 2.19273621037,
     3.37009947565, 0.951543682444, 0.0, 1.19508205147, 2.09172403509,
     2.83551642318, 1.37138366539, 1.33755587924, 1.43678355965, 2.58449880655,
     3.29826661826, 2.39262563127},
    {4.20699267593, 3.66046266122, 3.28415759063, 3.01597433245, 3.14107970945,
     3.74201204013, 2.86337158886, 2.49426724288, 2.34919368354, 2.51871335437,
     3.06078051133, 2.56567332853, 1.45441486914, 1.25838629494, 1.53937686174,
     2.41620807189, 2.0508898723, 1.19508205147, 0.0, 0.99083715851,
     1.67656102663, 2.06237704498, 1.58881359952, 0.883679111987, 1.42367308773,
     2.10354429354, 1.79660443532},
    {4.0618188094, 4.0520573221, 3.51655877493, 2.95258595549, 2.7522026246,
     3.0601375494, 3.42850547244, 2.88706776843, 2.2670960013, 2.15080846477,
     2.32110615961, 3.28485586589, 2.0250960763, 1.38472794285, 1.00979852572,
     1.45577743143, 3.00645298311, 2.09172403509, 0.99083715851, 0.0,
     0.768356659236, 3.04997888194, 2.53740820628, 1.68435385918, 1.137008747,
     1.42141961812, 2.32342698607},
    {4.53642248345, 4.76166525338, 4.1827394982, 3.50901684385, 3.11864327525,
     3.13522238037, 4.18185691775, 3.61221225454, 2.84920042133, 2.57779043038,
     2.37875926426, 4.0529756528, 2.78957830269, 2.10327655253, 1.504896347,
     1.18071528319, 3.72602046092, 2.83551642318, 1.67656102663, 0.768356659236,
     0.0, 3.67646790349, 3.09846530894, 2.1726447859, 1.01466677089,
     0.78549018291, 2.54244974008},
    {5.30251267375, 3.85391506457, 3.88885892682, 4.16606903969, 4.68854604254,
     5.55750621894, 2.85551320881, 3.0187983476, 3.67431034013, 4.12884695999,
     4.9612467706, 2.22647966712, 2.20029371091, 2.76964717288, 3.4431089681,
     4.47374882939, 0.865147216457, 1.37138366539, 2.06237704498, 3.04997888194,
     3.67646790349, 0.0, 0.685112002425, 1.58939837592, 3.06214040509,
     3.89816378725, 2.08157733168},
    {5.30849844036, 4.11629598923, 4.02489665446, 4.12914062139, 4.51339761732,
     5.26732798811, 3.1355767488, 3.14077521554, 3.56015586233, 3.91807270027,
     4.61955262499, 2.56595714641, 2.17206097281, 2.54586063544, 3.08622033838,
     3.98931209176, 1.31844371672, 1.33755587924, 1.58881359952, 2.53740820628,
     3.09846530894, 0.685112002425, 0.0, 0.945122874939, 2.40955623954,
     3.25373312833, 1.42030518457},
    {5.03392556758, 4.23878088218, 3.97529588647, 3.83665750358, 4.02083069048,
     4.61148813276, 3.33657292741, 3.12591853993, 3.19054597991, 3.39979992582,
     3.91418243866, 2.89243185096, 2.06144989327, 2.10115224902, 2.41074548869,
     3.13577748234, 1.94810019577, 1.43678355965, 0.883679111987, 1.68435385918,
     2.1726447859, 1.58939837592, 0.945122874939, 0.0, 1.47288040088,
     2.31225689935, 0.997355337848},
    {5.19576936404, 5.01470018354, 4.5527164037, 4.07091903109, 3.88216222629,
     4.07877439313, 4.27114978553, 3.83734559531, 3.38146570945, 3.28632075591,
     3.32210345334, 3.98883078825, 2.84620783909, 2.40642459105, 2.14530680256,
     2.19026340032, 3.32869166536, 2.58449880655, 1.42367308773, 1.137008747,
     1.01466677089, 3.06214040509, 2.40955623954, 1.47288040088, 0.0,
     0.848453142736, 1.5702657635},
    {5.32190509452, 5.47344539176, 4.92614539455, 4.28732815469, 3.89883492766,
     3.83737128287, 4.82948246612, 4.30763827415, 3.62064999297, 3.36316099133,
     3.09077327402, 4.62996140615, 3.40831474411, 2.80584382894, 2.28224146307,
     1.81256993139, 4.10865335113, 3.29826661826, 2.10354429354, 1.42141961812,
     0.78549018291, 3.89816378725, 3.25373312833, 2.31225689935, 0.848453142736,
     0.0, 2.35535078855},
    {6.0, 5.22408189467, 4.97264869218, 4.80566272693, 4.91170549716,
     5.37601887852, 4.30247565565, 4.12156687143, 4.14482138489, 4.28736087611,
     4.64341601876, 3.81763342781, 3.05825000467, 3.05276070829, 3.22039574521,
     3.67014715864, 2.70620140714, 2.39262563127, 1.79660443532, 2.32342698607,
     2.54244974008, 2.08157733168, 1.42030518457, 0.997355337848, 1.5702657635,
     2.35535078855, 0.0},
};
double_t canonical7_objective = 50.828;
Matrix<double_t> canonical7_costmat = {
    {0.0, 3.16227766017, 2.2360679775, 1.41421356237, 1.0, 1.41421356237,
     2.2360679775, 3.16227766017, 3.60555127546, 2.82842712475, 2.2360679775,
     2.0, 2.2360679775, 2.82842712475, 3.60555127546, 4.24264068712,
     3.60555127546, 3.16227766017, 3.0, 3.16227766017, 3.60555127546,
     4.24264068712, 5.0, 4.472135955, 4.12310562562, 4.0, 4.12310562562,
     4.472135955, 5.0, 5.83095189485, 5.38516480713, 5.09901951359, 5.0,
     5.09901951359, 5.38516480713, 5.83095189485, 6.7082039325, 6.32455532034,
     6.0827625303, 6.0, 6.0827625303, 6.32455532034, 6.7082039325,
     7.61577310586, 7.28010988928, 7.07106781187, 7.0, 7.07106781187,
     7.28010988928, 7.61577310586, 8.0},
    {3.16227766017, 0.0, 1.0, 2.0, 3.0, 4.0, 5.0, 6.0, 1.0, 1.41421356237,
     2.2360679775, 3.16227766017, 4.12310562562, 5.09901951359, 6.0827625303,
     2.0, 2.2360679775, 2.82842712475, 3.60555127546, 4.472135955,
     5.38516480713, 6.32455532034, 3.0, 3.16227766017, 3.60555127546,
     4.24264068712, 5.0, 5.83095189485, 6.7082039325, 4.0, 4.12310562562,
     4.472135955, 5.0, 5.65685424949, 6.40312423743, 7.21110255093, 5.0,
     5.09901951359, 5.38516480713, 5.83095189485, 6.40312423743, 7.07106781187,
     7.81024967591, 6.0, 6.0827625303, 6.32455532034, 6.7082039325,
     7.21110255093, 7.81024967591, 8.48528137424, 7.61577310586},
    {2.2360679775, 1.0, 0.0, 1.0, 2.0, 3.0, 4.0, 5.0, 1.41421356237, 1.0,
     1.41421356237, 2.2360679775, 3.16227766017, 4.12310562562, 5.09901951359,
     2.2360679775, 2.0, 2.2360679775, 2.82842712475, 3.60555127546, 4.472135955,
     5.38516480713, 3.16227766017, 3.0, 3.16227766017, 3.60555127546,
     4.24264068712, 5.0, 5.83095189485, 4.12310562562, 4.0, 4.12310562562,
     4.472135955, 5.0, 5.65685424949, 6.40312423743, 5.09901951359, 5.0,
     5.09901951359, 5.38516480713, 5.83095189485, 6.40312423743, 7.07106781187,
     6.0827625303, 6.0, 6.0827625303, 6.32455532034, 6.7082039325,
     7.21110255093, 7.81024967591, 7.28010988928},
    {1.41421356237, 2.0, 1.0, 0.0, 1.0, 2.0, 3.0, 4.0, 2.2360679775,
     1.41421356237, 1.0, 1.41421356237, 2.2360679775, 3.16227766017,
     4.12310562562, 2.82842712475, 2.2360679775, 2.0, 2.2360679775,
     2.82842712475, 3.60555127546, 4.472135955, 3.60555127546, 3.16227766017,
     3.0, 3.16227766017, 3.60555127546, 4.24264068712, 5.0, 4.472135955,
     4.12310562562, 4.0, 4.12310562562, 4.472135955, 5.0, 5.65685424949,
     5.38516480713, 5.09901951359, 5.0, 5.09901951359, 5.38516480713,
     5.83095189485, 6.40312423743, 6.32455532034, 6.0827625303, 6.0,
     6.0827625303, 6.32455532034, 6.7082039325, 7.21110255093, 7.07106781187},
    {1.0, 3.0, 2.0, 1.0, 0.0, 1.0, 2.0, 3.0, 3.16227766017, 2.2360679775,
     1.41421356237, 1.0, 1.41421356237, 2.2360679775, 3.16227766017,
     3.60555127546, 2.82842712475, 2.2360679775, 2.0, 2.2360679775,
     2.82842712475, 3.60555127546, 4.24264068712, 3.60555127546, 3.16227766017,
     3.0, 3.16227766017, 3.60555127546, 4.24264068712, 5.0, 4.472135955,
     4.12310562562, 4.0, 4.12310562562, 4.472135955, 5.0, 5.83095189485,
     5.38516480713, 5.09901951359, 5.0, 5.09901951359, 5.38516480713,
     5.83095189485, 6.7082039325, 6.32455532034, 6.0827625303, 6.0,
     6.0827625303, 6.32455532034, 6.7082039325, 7.0},
    {1.41421356237, 4.0, 3.0, 2.0, 1.0, 0.0, 1.0, 2.0, 4.12310562562,
     3.16227766017, 2.2360679775, 1.41421356237, 1.0, 1.41421356237,
     2.2360679775, 4.472135955, 3.60555127546, 2.82842712475, 2.2360679775, 2.0,
     2.2360679775, 2.82842712475, 5.0, 4.24264068712, 3.60555127546,
     3.16227766017, 3.0, 3.16227766017, 3.60555127546, 5.65685424949, 5.0,
     4.472135955, 4.12310562562, 4.0, 4.12310562562, 4.472135955, 6.40312423743,
     5.83095189485, 5.38516480713, 5.09901951359, 5.0, 5.09901951359,
     5.38516480713, 7.21110255093, 6.7082039325, 6.32455532034, 6.0827625303,
     6.0, 6.0827625303, 6.32455532034, 7.07106781187},
    {2.2360679775, 5.0, 4.0, 3.0, 2.0, 1.0, 0.0, 1.0, 5.09901951359,
     4.12310562562, 3.16227766017, 2.2360679775, 1.41421356237, 1.0,
     1.41421356237, 5.38516480713, 4.472135955, 3.60555127546, 2.82842712475,
     2.2360679775, 2.0, 2.2360679775, 5.83095189485, 5.0, 4.24264068712,
     3.60555127546, 3.16227766017, 3.0, 3.16227766017, 6.40312423743,
     5.65685424949, 5.0, 4.472135955, 4.12310562562, 4.0, 4.12310562562,
     7.07106781187, 6.40312423743, 5.83095189485, 5.38516480713, 5.09901951359,
     5.0, 5.09901951359, 7.81024967591, 7.21110255093, 6.7082039325,
     6.32455532034, 6.0827625303, 6.0, 6.0827625303, 7.28010988928},
    {3.16227766017, 6.0, 5.0, 4.0, 3.0, 2.0, 1.0, 0.0, 6.0827625303,
     5.09901951359, 4.12310562562, 3.16227766017, 2.2360679775, 1.41421356237,
     1.0, 6.32455532034, 5.38516480713, 4.472135955, 3.60555127546,
     2.82842712475, 2.2360679775, 2.0, 6.7082039325, 5.83095189485, 5.0,
     4.24264068712, 3.60555127546, 3.16227766017, 3.0, 7.21110255093,
     6.40312423743, 5.65685424949, 5.0, 4.472135955, 4.12310562562, 4.0,
     7.81024967591, 7.07106781187, 6.40312423743, 5.83095189485, 5.38516480713,
     5.09901951359, 5.0, 8.48528137424, 7.81024967591, 7.21110255093,
     6.7082039325, 6.32455532034, 6.0827625303, 6.0, 7.61577310586},
    {3.60555127546, 1.0, 1.41421356237, 2.2360679775, 3.16227766017,
     4.12310562562, 5.09901951359, 6.0827625303, 0.0, 1.0, 2.0, 3.0, 4.0, 5.0,
     6.0, 1.0, 1.41421356237, 2.2360679775, 3.16227766017, 4.12310562562,
     5.09901951359, 6.0827625303, 2.0, 2.2360679775, 2.82842712475,
     3.60555127546, 4.472135955, 5.38516480713, 6.32455532034, 3.0,
     3.16227766017, 3.60555127546, 4.24264068712, 5.0, 5.83095189485,
     6.7082039325, 4.0, 4.12310562562, 4.472135955, 5.0, 5.65685424949,
     6.40312423743, 7.21110255093, 5.0, 5.09901951359, 5.38516480713,
     5.83095189485, 6.40312423743, 7.07106781187, 7.81024967591, 6.7082039325},
    {2.82842712475, 1.41421356237, 1.0, 1.41421356237, 2.2360679775,
     3.16227766017, 4.12310562562, 5.09901951359, 1.0, 0.0, 1.0, 2.0, 3.0, 4.0,
     5.0, 1.41421356237, 1.0, 1.41421356237, 2.2360679775, 3.16227766017,
     4.12310562562, 5.09901951359, 2.2360679775, 2.0, 2.2360679775,
     2.82842712475, 3.60555127546, 4.472135955, 5.38516480713, 3.16227766017,
     3.0, 3.16227766017, 3.60555127546, 4.24264068712, 5.0, 5.83095189485,
     4.12310562562, 4.0, 4.12310562562, 4.472135955, 5.0, 5.65685424949,
     6.40312423743, 5.09901951359, 5.0, 5.09901951359, 5.38516480713,
     5.83095189485, 6.40312423743, 7.07106781187, 6.32455532034},
    {2.2360679775, 2.2360679775, 1.41421356237, 1.0, 1.41421356237,
     2.2360679775, 3.16227766017, 4.12310562562, 2.0, 1.0, 0.0, 1.0, 2.0, 3.0,
     4.0, 2.2360679775, 1.41421356237, 1.0, 1.41421356237, 2.2360679775,
     3.16227766017, 4.12310562562, 2.82842712475, 2.2360679775, 2.0,
     2.2360679775, 2.82842712475, 3.60555127546, 4.472135955, 3.60555127546,
     3.16227766017, 3.0, 3.16227766017, 3.60555127546, 4.24264068712, 5.0,
     4.472135955, 4.12310562562, 4.0, 4.12310562562, 4.472135955, 5.0,
     5.65685424949, 5.38516480713, 5.09901951359, 5.0, 5.09901951359,
     5.38516480713, 5.83095189485, 6.40312423743, 6.0827625303},
    {2.0, 3.16227766017, 2.2360679775, 1.41421356237, 1.0, 1.41421356237,
     2.2360679775, 3.16227766017, 3.0, 2.0, 1.0, 0.0, 1.0, 2.0, 3.0,
     3.16227766017, 2.2360679775, 1.41421356237, 1.0, 1.41421356237,
     2.2360679775, 3.16227766017, 3.60555127546, 2.82842712475, 2.2360679775,
     2.0, 2.2360679775, 2.82842712475, 3.60555127546, 4.24264068712,
     3.60555127546, 3.16227766017, 3.0, 3.16227766017, 3.60555127546,
     4.24264068712, 5.0, 4.472135955, 4.12310562562, 4.0, 4.12310562562,
     4.472135955, 5.0, 5.83095189485, 5.38516480713, 5.09901951359, 5.0,
     5.09901951359, 5.38516480713, 5.83095189485, 6.0},
    {2.2360679775, 4.12310562562, 3.16227766017, 2.2360679775, 1.41421356237,
     1.0, 1.41421356237, 2.2360679775, 4.0, 3.0, 2.0, 1.0, 0.0, 1.0, 2.0,
     4.12310562562, 3.16227766017, 2.2360679775, 1.41421356237, 1.0,
     1.41421356237, 2.2360679775, 4.472135955, 3.60555127546, 2.82842712475,
     2.2360679775, 2.0, 2.2360679775, 2.82842712475, 5.0, 4.24264068712,
     3.60555127546, 3.16227766017, 3.0, 3.16227766017, 3.60555127546,
     5.65685424949, 5.0, 4.472135955, 4.12310562562, 4.0, 4.12310562562,
     4.472135955, 6.40312423743, 5.83095189485, 5.38516480713, 5.09901951359,
     5.0, 5.09901951359, 5.38516480713, 6.0827625303},
    {2.82842712475, 5.09901951359, 4.12310562562, 3.16227766017, 2.2360679775,
     1.41421356237, 1.0, 1.41421356237, 5.0, 4.0, 3.0, 2.0, 1.0, 0.0, 1.0,
     5.09901951359, 4.12310562562, 3.16227766017, 2.2360679775, 1.41421356237,
     1.0, 1.41421356237, 5.38516480713, 4.472135955, 3.60555127546,
     2.82842712475, 2.2360679775, 2.0, 2.2360679775, 5.83095189485, 5.0,
     4.24264068712, 3.60555127546, 3.16227766017, 3.0, 3.16227766017,
     6.40312423743, 5.65685424949, 5.0, 4.472135955, 4.12310562562, 4.0,
     4.12310562562, 7.07106781187, 6.40312423743, 5.83095189485, 5.38516480713,
     5.09901951359, 5.0, 5.09901951359, 6.32455532034},
    {3.60555127546, 6.0827625303, 5.09901951359, 4.12310562562, 3.16227766017,
     2.2360679775, 1.41421356237, 1.0, 6.0, 5.0, 4.0, 3.0, 2.0, 1.0, 0.0,
     6.0827625303, 5.09901951359, 4.12310562562, 3.16227766017, 2.2360679775,
     1.41421356237, 1.0, 6.32455532034, 5.38516480713, 4.472135955,
     3.60555127546, 2.82842712475, 2.2360679775, 2.0, 6.7082039325,
     5.83095189485, 5.0, 4.24264068712, 3.60555127546, 3.16227766017, 3.0,
     7.21110255093, 6.40312423743, 5.65685424949, 5.0, 4.472135955,
     4.12310562562, 4.0, 7.81024967591, 7.07106781187, 6.40312423743,
     5.83095189485, 5.38516480713, 5.09901951359, 5.0, 6.7082039325},
    {4.24264068712, 2.0, 2.2360679775, 2.82842712475, 3.60555127546,
     4.472135955, 5.38516480713, 6.32455532034, 1.0, 1.41421356237,
     2.2360679775, 3.16227766017, 4.12310562562, 5.09901951359, 6.0827625303,
     0.0, 1.0, 2.0, 3.0, 4.0, 5.0, 6.0, 1.0, 1.41421356237, 2.2360679775,
     3.16227766017, 4.12310562562, 5.09901951359, 6.0827625303, 2.0,
     2.2360679775, 2.82842712475, 3.60555127546, 4.472135955, 5.38516480713,
     6.32455532034, 3.0, 3.16227766017, 3.60555127546, 4.24264068712, 5.0,
     5.83095189485, 6.7082039325, 4.0, 4.12310562562, 4.472135955, 5.0,
     5.65685424949, 6.40312423743, 7.21110255093, 5.83095189485},
    {3.60555127546, 2.2360679775, 2.0, 2.2360679775, 2.82842712475,
     3.60555127546, 4.472135955, 5.38516480713, 1.41421356237, 1.0,
     1.41421356237, 2.2360679775, 3.16227766017, 4.12310562562, 5.09901951359,
     1.0, 0.0, 1.0, 2.0, 3.0, 4.0, 5.0, 1.41421356237, 1.0, 1.41421356237,
     2.2360679775, 3.16227766017, 4.12310562562, 5.09901951359, 2.2360679775,
     2.0, 2.2360679775, 2.82842712475, 3.60555127546, 4.472135955,
     5.38516480713, 3.16227766017, 3.0, 3.16227766017, 3.60555127546,
     4.24264068712, 5.0, 5.83095189485, 4.12310562562, 4.0, 4.12310562562,
     4.472135955, 5.0, 5.65685424949, 6.40312423743, 5.38516480713},
    {3.16227766017, 2.82842712475, 2.2360679775, 2.0, 2.2360679775,
     2.82842712475, 3.60555127546, 4.472135955, 2.2360679775, 1.41421356237,
     1.0, 1.41421356237, 2.2360679775, 3.16227766017, 4.12310562562, 2.0, 1.0,
     0.0, 1.0, 2.0, 3.0, 4.0, 2.2360679775, 1.41421356237, 1.0, 1.41421356237,
     2.2360679775, 3.16227766017, 4.12310562562, 2.82842712475, 2.2360679775,
     2.0, 2.2360679775, 2.82842712475, 3.60555127546, 4.472135955,
     3.60555127546, 3.16227766017, 3.0, 3.16227766017, 3.60555127546,
     4.24264068712, 5.0, 4.472135955, 4.12310562562, 4.0, 4.12310562562,
     4.472135955, 5.0, 5.65685424949, 5.09901951359},
    {3.0, 3.60555127546, 2.82842712475, 2.2360679775, 2.0, 2.2360679775,
     2.82842712475, 3.60555127546, 3.16227766017, 2.2360679775, 1.41421356237,
     1.0, 1.41421356237, 2.2360679775, 3.16227766017, 3.0, 2.0, 1.0, 0.0, 1.0,
     2.0, 3.0, 3.16227766017, 2.2360679775, 1.41421356237, 1.0, 1.41421356237,
     2.2360679775, 3.16227766017, 3.60555127546, 2.82842712475, 2.2360679775,
     2.0, 2.2360679775, 2.82842712475, 3.60555127546, 4.24264068712,
     3.60555127546, 3.16227766017, 3.0, 3.16227766017, 3.60555127546,
     4.24264068712, 5.0, 4.472135955, 4.12310562562, 4.0, 4.12310562562,
     4.472135955, 5.0, 5.0},
    {3.16227766017, 4.472135955, 3.60555127546, 2.82842712475, 2.2360679775,
     2.0, 2.2360679775, 2.82842712475, 4.12310562562, 3.16227766017,
     2.2360679775, 1.41421356237, 1.0, 1.41421356237, 2.2360679775, 4.0, 3.0,
     2.0, 1.0, 0.0, 1.0, 2.0, 4.12310562562, 3.16227766017, 2.2360679775,
     1.41421356237, 1.0, 1.41421356237, 2.2360679775, 4.472135955,
     3.60555127546, 2.82842712475, 2.2360679775, 2.0, 2.2360679775,
     2.82842712475, 5.0, 4.24264068712, 3.60555127546, 3.16227766017, 3.0,
     3.16227766017, 3.60555127546, 5.65685424949, 5.0, 4.472135955,
     4.12310562562, 4.0, 4.12310562562, 4.472135955, 5.09901951359},
    {3.60555127546, 5.38516480713, 4.472135955, 3.60555127546, 2.82842712475,
     2.2360679775, 2.0, 2.2360679775, 5.09901951359, 4.12310562562,
     3.16227766017, 2.2360679775, 1.41421356237, 1.0, 1.41421356237, 5.0, 4.0,
     3.0, 2.0, 1.0, 0.0, 1.0, 5.09901951359, 4.12310562562, 3.16227766017,
     2.2360679775, 1.41421356237, 1.0, 1.41421356237, 5.38516480713,
     4.472135955, 3.60555127546, 2.82842712475, 2.2360679775, 2.0, 2.2360679775,
     5.83095189485, 5.0, 4.24264068712, 3.60555127546, 3.16227766017, 3.0,
     3.16227766017, 6.40312423743, 5.65685424949, 5.0, 4.472135955,
     4.12310562562, 4.0, 4.12310562562, 5.38516480713},
    {4.24264068712, 6.32455532034, 5.38516480713, 4.472135955, 3.60555127546,
     2.82842712475, 2.2360679775, 2.0, 6.0827625303, 5.09901951359,
     4.12310562562, 3.16227766017, 2.2360679775, 1.41421356237, 1.0, 6.0, 5.0,
     4.0, 3.0, 2.0, 1.0, 0.0, 6.0827625303, 5.09901951359, 4.12310562562,
     3.16227766017, 2.2360679775, 1.41421356237, 1.0, 6.32455532034,
     5.38516480713, 4.472135955, 3.60555127546, 2.82842712475, 2.2360679775,
     2.0, 6.7082039325, 5.83095189485, 5.0, 4.24264068712, 3.60555127546,
     3.16227766017, 3.0, 7.21110255093, 6.40312423743, 5.65685424949, 5.0,
     4.472135955, 4.12310562562, 4.0, 5.83095189485},
    {5.0, 3.0, 3.16227766017, 3.60555127546, 4.24264068712, 5.0, 5.83095189485,
     6.7082039325, 2.0, 2.2360679775, 2.82842712475, 3.60555127546, 4.472135955,
     5.38516480713, 6.32455532034, 1.0, 1.41421356237, 2.2360679775,
     3.16227766017, 4.12310562562, 5.09901951359, 6.0827625303, 0.0, 1.0, 2.0,
     3.0, 4.0, 5.0, 6.0, 1.0, 1.41421356237, 2.2360679775, 3.16227766017,
     4.12310562562, 5.09901951359, 6.0827625303, 2.0, 2.2360679775,
     2.82842712475, 3.60555127546, 4.472135955, 5.38516480713, 6.32455532034,
     3.0, 3.16227766017, 3.60555127546, 4.24264068712, 5.0, 5.83095189485,
     6.7082039325, 5.0},
    {4.472135955, 3.16227766017, 3.0, 3.16227766017, 3.60555127546,
     4.24264068712, 5.0, 5.83095189485, 2.2360679775, 2.0, 2.2360679775,
     2.82842712475, 3.60555127546, 4.472135955, 5.38516480713, 1.41421356237,
     1.0, 1.41421356237, 2.2360679775, 3.16227766017, 4.12310562562,
     5.09901951359, 1.0, 0.0, 1.0, 2.0, 3.0, 4.0, 5.0, 1.41421356237, 1.0,
     1.41421356237, 2.2360679775, 3.16227766017, 4.12310562562, 5.09901951359,
     2.2360679775, 2.0, 2.2360679775, 2.82842712475, 3.60555127546, 4.472135955,
     5.38516480713, 3.16227766017, 3.0, 3.16227766017, 3.60555127546,
     4.24264068712, 5.0, 5.83095189485, 4.472135955},
    {4.12310562562, 3.60555127546, 3.16227766017, 3.0, 3.16227766017,
     3.60555127546, 4.24264068712, 5.0, 2.82842712475, 2.2360679775, 2.0,
     2.2360679775, 2.82842712475, 3.60555127546, 4.472135955, 2.2360679775,
     1.41421356237, 1.0, 1.41421356237, 2.2360679775, 3.16227766017,
     4.12310562562, 2.0, 1.0, 0.0, 1.0, 2.0, 3.0, 4.0, 2.2360679775,
     1.41421356237, 1.0, 1.41421356237, 2.2360679775, 3.16227766017,
     4.12310562562, 2.82842712475, 2.2360679775, 2.0, 2.2360679775,
     2.82842712475, 3.60555127546, 4.472135955, 3.60555127546, 3.16227766017,
     3.0, 3.16227766017, 3.60555127546, 4.24264068712, 5.0, 4.12310562562},
    {4.0, 4.24264068712, 3.60555127546, 3.16227766017, 3.0, 3.16227766017,
     3.60555127546, 4.24264068712, 3.60555127546, 2.82842712475, 2.2360679775,
     2.0, 2.2360679775, 2.82842712475, 3.60555127546, 3.16227766017,
     2.2360679775, 1.41421356237, 1.0, 1.41421356237, 2.2360679775,
     3.16227766017, 3.0, 2.0, 1.0, 0.0, 1.0, 2.0, 3.0, 3.16227766017,
     2.2360679775, 1.41421356237, 1.0, 1.41421356237, 2.2360679775,
     3.16227766017, 3.60555127546, 2.82842712475, 2.2360679775, 2.0,
     2.2360679775, 2.82842712475, 3.60555127546, 4.24264068712, 3.60555127546,
     3.16227766017, 3.0, 3.16227766017, 3.60555127546, 4.24264068712, 4.0},
    {4.12310562562, 5.0, 4.24264068712, 3.60555127546, 3.16227766017, 3.0,
     3.16227766017, 3.60555127546, 4.472135955, 3.60555127546, 2.82842712475,
     2.2360679775, 2.0, 2.2360679775, 2.82842712475, 4.12310562562,
     3.16227766017, 2.2360679775, 1.41421356237, 1.0, 1.41421356237,
     2.2360679775, 4.0, 3.0, 2.0, 1.0, 0.0, 1.0, 2.0, 4.12310562562,
     3.16227766017, 2.2360679775, 1.41421356237, 1.0, 1.41421356237,
     2.2360679775, 4.472135955, 3.60555127546, 2.82842712475, 2.2360679775, 2.0,
     2.2360679775, 2.82842712475, 5.0, 4.24264068712, 3.60555127546,
     3.16227766017, 3.0, 3.16227766017, 3.60555127546, 4.12310562562},
    {4.472135955, 5.83095189485, 5.0, 4.24264068712, 3.60555127546,
     3.16227766017, 3.0, 3.16227766017, 5.38516480713, 4.472135955,
     3.60555127546, 2.82842712475, 2.2360679775, 2.0, 2.2360679775,
     5.09901951359, 4.12310562562, 3.16227766017, 2.2360679775, 1.41421356237,
     1.0, 1.41421356237, 5.0, 4.0, 3.0, 2.0, 1.0, 0.0, 1.0, 5.09901951359,
     4.12310562562, 3.16227766017, 2.2360679775, 1.41421356237, 1.0,
     1.41421356237, 5.38516480713, 4.472135955, 3.60555127546, 2.82842712475,
     2.2360679775, 2.0, 2.2360679775, 5.83095189485, 5.0, 4.24264068712,
     3.60555127546, 3.16227766017, 3.0, 3.16227766017, 4.472135955},
    {5.0, 6.7082039325, 5.83095189485, 5.0, 4.24264068712, 3.60555127546,
     3.16227766017, 3.0, 6.32455532034, 5.38516480713, 4.472135955,
     3.60555127546, 2.82842712475, 2.2360679775, 2.0, 6.0827625303,
     5.09901951359, 4.12310562562, 3.16227766017, 2.2360679775, 1.41421356237,
     1.0, 6.0, 5.0, 4.0, 3.0, 2.0, 1.0, 0.0, 6.0827625303, 5.09901951359,
     4.12310562562, 3.16227766017, 2.2360679775, 1.41421356237, 1.0,
     6.32455532034, 5.38516480713, 4.472135955, 3.60555127546, 2.82842712475,
     2.2360679775, 2.0, 6.7082039325, 5.83095189485, 5.0, 4.24264068712,
     3.60555127546, 3.16227766017, 3.0, 5.0},
    {5.83095189485, 4.0, 4.12310562562, 4.472135955, 5.0, 5.65685424949,
     6.40312423743, 7.21110255093, 3.0, 3.16227766017, 3.60555127546,
     4.24264068712, 5.0, 5.83095189485, 6.7082039325, 2.0, 2.2360679775,
     2.82842712475, 3.60555127546, 4.472135955, 5.38516480713, 6.32455532034,
     1.0, 1.41421356237, 2.2360679775, 3.16227766017, 4.12310562562,
     5.09901951359, 6.0827625303, 0.0, 1.0, 2.0, 3.0, 4.0, 5.0, 6.0, 1.0,
     1.41421356237, 2.2360679775, 3.16227766017, 4.12310562562, 5.09901951359,
     6.0827625303, 2.0, 2.2360679775, 2.82842712475, 3.60555127546, 4.472135955,
